1.206195664734734409e+07
2.813818836448351853e+06
2.066805885990391672e+07
1.589023122847474879e+06
4.692020277687435737e+05
5.685847615291068330e+06
6.765508145210429793e+05
4.670496525786485290e+05
1.875013570008091163e+06
1.089034899772491044e+05
4.147409820131123997e+06
4.829307146488834405e+05
4.157465893288352527e+06
1.825750909165926743e+06
1.417529120086393377e+05
1.155514592961615883e+06
1.575052241369894240e+06
3.117328814293467905e+06
3.963904766515505617e+05
1.189392934255039145e+05
2.091406246517802123e+06
1.136206163778041664e+05
1.167634549601406790e+06
4.781872994839363731e+06
5.612431974673812510e+05
9.602818693693142384e+06
3.994563810935097281e+05
1.083939988264543936e+06
1.720304148513217224e+06
1.447685244237132603e+06
4.813733831519261003e+05
3.445482409855318256e+06
5.665395516487666406e+06
2.511810997335347161e+07
4.554352948146068957e+05
1.469017639215277694e+07
7.602549437793880934e+05
1.273902823010636261e+06
4.440589609370512189e+05
1.023585954129941389e+07
2.669815896794547327e+06
7.244947845760664903e+06
4.463542049536971608e+05
1.978270849102652573e+05
3.451905477558136452e+06
1.087889760341553017e+07
6.554330573647789657e+06
3.338584182078164886e+05
9.749419763439426897e+05
1.464021778858945705e+06
1.508174861335932976e+06
2.204771248185490258e+05
4.028632184595884755e+06
2.116375794684282737e+05
2.117418434879304841e+06
3.443486145131015801e+05
5.842801182561865076e+06
4.551541834881228395e+06
2.947703060072829481e+06
6.797382571741249412e+05
1.103460224754879251e+07
4.076791582980090752e+06
3.961964121113937348e+06
3.102106541176638566e+05
3.370175050838951720e+05
2.785395152203290258e+06
3.710058462725393474e+05
1.382144747397730313e+07
6.451681433241481427e+05
8.914715238828301663e+05
2.605864706319913967e+05
2.449052131644765032e+05
3.352837316963470657e+05
1.584255962214156287e+06
7.830922753452481702e+05
1.938865324380965903e+06
8.317783088911385275e+05
1.068431528671460040e+07
1.915335501506925328e+06
3.717226282416380942e+06
2.193334895199249033e+06
7.428122920138577931e+06
4.388369200720086694e+06
8.120279528446678072e+06
2.985607971604221035e+06
3.023294929484786699e+05
4.232421691836747923e+05
9.177408416841196595e+05
4.326981166353408480e+05
1.457540643303069519e+06
8.633836893697942141e+05
2.208356472302054986e+06
2.898285869842746295e+06
2.087717116513839865e+05
2.866952811719555757e+05
1.899176593600337801e+05
4.707532203978076577e+06
1.953871291386000114e+06
1.129130871433865279e+06
5.301004323785582092e+05
1.644722923788443441e+06
3.063062570099628647e+05
3.385329887356850086e+05
5.744336972053490579e+06
6.786802330118785612e+06
1.065071745719522471e+06
2.589454917986067012e+06
2.714180891634620726e+06
2.517675161439658259e+05
6.319624091429729015e+05
6.720743476055401377e+06
3.285089290721263387e+05
8.332009691051393747e+06
3.896723280613603070e+06
1.528291370191059774e+06
7.467231798864827724e+05
5.181903778573605232e+05
2.408320139482730534e+06
3.728602071454802062e+06
1.414479342298872769e+06
8.490435672163527459e+06
1.445887729443291901e+06
3.821444671348967589e+06
1.638515030588943046e+05
7.117623147656950168e+05
3.089478005681264214e+06
2.530677583677401708e+05
7.585117073884929530e+06
1.542386316705076257e+06
1.588973213906825287e+06
7.402663872023978038e+05
9.475274983850833029e+06
1.161618800591629744e+07
1.756050973674709967e+05
1.480453085344161082e+05
7.085508156271707267e+05
1.107407182011995837e+07
1.351597580885442439e+05
2.020382420667178812e+05
4.663793491837597685e+05
4.273474179316702299e+06
2.637892616124338005e+06
2.582009186239133996e+05
3.529028292988677276e+05
5.138550345527729020e+06
1.292639177627020981e+05
2.335625786452631583e+05
3.463778123138342984e+06
1.848242121059800265e+05
1.512997429596083821e+05
3.606602302852045395e+05
1.297840313996425975e+05
2.323004353659793560e+05
1.240330227795615327e+06
8.180986579363769852e+06
7.275646599799706601e+05
9.087313229149756953e+06
5.433032194686099887e+06
3.081926759818368126e+06
1.033142376177488454e+07
1.955201732338686939e+06
1.463944409713158384e+07
5.316514212499435060e+06
5.473671776244834764e+05
1.010406135983064771e+06
1.849275166380098090e+07
6.344432473021662008e+04
2.280595805418341886e+06
1.105118786968200235e+06
4.010258019819493406e+06
1.136392276656962465e+06
1.359674059166767867e+06
3.978165688781946898e+06
1.264034191490833880e+06
5.437186619427192956e+06
5.500130837404093705e+06
1.515197345965224877e+07
4.060720609435635270e+05
5.387722207375031430e+05
2.243185154875141568e+06
2.082066347603219096e+06
1.843121065783529775e+05
3.291344203906028066e+06
1.009368326745484956e+06
8.858855054881410673e+06
3.600583562953272485e+05
3.342474820425178111e+07
5.228778767220723676e+05
2.793124966484057158e+07
1.119252809898695908e+06
2.065699756134198979e+06
3.270484340566024650e+06
3.741688766890144907e+05
1.122548018061981769e+06
6.862418564979453804e+05
5.009073750438129646e+05
9.427513551768254489e+06
2.960845149245185894e+05
4.326364744488173164e+06
3.062737178064924665e+05
5.994364908414493548e+05
2.080603328855885565e+07
4.328735197047690861e+06
7.093723254457012808e+04
1.576418774270641804e+07
4.312940013671370689e+05
1.981211843156989291e+07
5.687350975574111566e+06
1.202528907625455409e+06
1.571724814349287935e+07
1.793508746518356726e+06
1.785105015666161431e+06
1.026526748273752397e+06
4.600591112033339450e+05
1.727279947189702070e+05
8.020492760536444839e+05
1.522166536683143675e+07
3.126587746294822078e+06
1.898113845890862576e+05
1.198992304474050412e+06
8.767231539189767092e+06
8.869964320679547265e+06
5.577658431695144391e+05
3.265637607692424208e+05
9.153256654363684356e+06
1.752309612363888591e+05
4.483736356463207863e+06
2.646830804807406967e+05
2.238657519980760291e+06
1.776573021535697160e+06
1.078602005448341370e+05
1.271470852829246578e+05
2.581880412067672703e+06
6.822334383902409114e+06
4.969638377959431149e+06
1.648747921982046962e+07
3.519789751763946842e+05
1.343998090512550203e+06
2.503408912671200815e+05
5.501295942621602444e+05
3.076123807351278956e+05
9.444832216163026169e+05
2.156958857026604936e+06
6.385063158481873106e+05
1.335540455749432370e+07
5.714052963966309093e+06
1.161674520852029696e+07
1.377565801742159820e+05
3.906157919178412412e+05
3.274177922925098334e+06
