1.128717852859456444e-01
-8.786025693916332813e-01
7.544993703389102357e-01
1.593738509299245376e-01
8.569827941435943508e-01
2.765178145561537626e-01
1.616036736974112986e-01
9.298183462794247234e-01
9.919610863881899165e-01
8.816572059575674691e-01
1.029915855922828083e+00
7.787664443968772034e-03
-6.772094280923309784e-01
4.887214401641303274e-01
-1.136473494727500144e-01
6.463822480702764439e-01
4.656894174173955014e-01
7.497799912083454865e-01
-6.528419016385130780e-01
-5.690773717800353682e-01
-2.316783387432282404e-01
-5.682710834108664066e-01
1.281419119114440563e-01
-8.325204969749206985e-01
-9.135833241342603550e-01
-9.108193393930761328e-01
-5.506163770337698660e-01
-5.867420294388656643e-01
-6.133110326868055351e-01
6.808697294491238283e-01
5.097513798250276063e-01
1.059286849160362420e+00
2.015630330419781457e-01
-9.476261440550595716e-02
3.748339123001039330e-01
9.206562367530596314e-01
1.002103904842206045e-01
7.495659541191386221e-01
-4.777620609770333870e-01
6.824872628437264055e-01
-5.201614280878260610e-01
-1.569012063319981387e-01
-2.180318199405976154e-01
-6.130301148410557399e-01
3.688637356457598049e-01
9.357476583853658880e-01
7.394897841500368552e-01
4.497553344918386875e-01
9.203059789571381710e-01
-7.320623763851845656e-01
8.690436292141801022e-01
6.779930309229668106e-01
-9.198633193483352066e-02
-8.598227030310264668e-03
3.110366279470051509e-01
2.677211110196470178e-01
4.473783888281968601e-01
-9.942566653102542507e-01
-5.183727207623427535e-01
1.024491887518046207e+00
1.037869635027129256e+00
-5.483813149376336460e-01
-8.969824662546928007e-01
-2.627921009775007755e-01
8.821609539008310463e-01
5.522054299023315682e-01
8.973083096912966017e-01
-5.584730907400803357e-01
5.350337836172881500e-01
6.607217891341782279e-01
-6.650366892133915409e-01
1.244561016157824940e-01
-8.909614677900363766e-01
9.358778323943143240e-01
7.063108031392977271e-01
5.430135285479290586e-01
2.853690108859724961e-01
-9.478587568490064452e-01
2.328278737470791393e-01
1.147216372604268758e-01
2.116375172029492380e-01
-7.167712665342315104e-01
-9.249301804983767195e-01
5.488539993015060237e-01
-1.932463936695253404e-01
-8.458850707346522446e-01
-2.586093840232472352e-01
7.563953826432230354e-01
9.123295701673183045e-01
-4.993063452187255780e-01
-7.953794783161194371e-01
-3.766062530225311455e-01
8.695184130838022885e-01
3.552748692153840510e-02
1.057574759860004043e+00
2.248451836603393428e-01
-8.763423434982148263e-02
-8.751001842056793656e-01
-9.845812143735214184e-01
6.841048570787122696e-01
-7.645767596786190445e-01
6.308163394192185802e-02
9.130504691914760329e-01
3.061040103096505649e-01
8.013395958833323673e-01
-9.791399262458336805e-01
-5.515919499007090332e-01
-2.704720596424949330e-01
7.546908664751620366e-01
-8.092745005807737702e-01
4.448485282656731987e-02
-8.880827438926188755e-01
4.949296084624440484e-01
6.769527155860620704e-01
-9.128144064473084907e-01
-8.964110229674471242e-01
4.041026092463817498e-01
1.149506285224975166e-01
4.039584051648013700e-03
5.127154094055199618e-01
-4.341715981876912434e-01
1.862092281686786033e-01
2.041879073352096535e-02
-3.285379467953780663e-01
3.055276777709809988e-01
-2.559600306314633866e-01
-4.197806381656589703e-01
5.987961187830245224e-01
-7.943543381173784335e-01
1.053776934988762903e+00
1.783133761898219316e-01
1.554559378537049286e-01
-3.283140269359293706e-01
2.052158582300487588e-01
4.491976060380576535e-02
1.462033375015400205e-01
-9.356877161635277496e-01
-8.247470137357107989e-01
9.102449628618357602e-01
1.026582861134312852e+00
-5.973163230590622375e-01
-9.747447408745745223e-01
7.157163812116613677e-01
8.576152467850634009e-01
-5.514188389501786247e-01
-7.207485272459928094e-01
2.680612294083664082e-01
-7.093745091028416105e-01
-7.591938601529829578e-01
4.082553006717889454e-01
-9.853975605030621532e-01
-7.739555654304525190e-01
4.831726780359361095e-01
5.290849021146544207e-01
9.313304355783458277e-01
-7.190956477002254932e-01
-6.269654025667988906e-01
4.851354575894235022e-01
4.659932890635984926e-01
2.730176336564881234e-01
9.538825963608910108e-02
-2.394386548586605046e-01
9.797815045341816687e-01
6.645270457861643387e-02
6.153249177636489486e-01
-9.317982510096111115e-01
-6.948467575942439689e-01
-3.008789422377246003e-01
9.425318768936084002e-01
-6.724345646838009172e-01
1.627475589282266488e-01
8.861893381963354965e-01
5.126162222079656550e-01
4.574917787588189677e-01
7.819842776826357866e-01
-7.106431986749588425e-01
-1.916562874380704218e-01
7.534745872533483713e-01
-1.344748840049094507e-01
-6.708886636250114277e-01
4.450276657862629187e-02
3.300845806269521177e-01
-6.354322552495635934e-01
7.562689265095589031e-01
2.546356265892111281e-01
-8.420310856710845338e-01
-9.555837796301996923e-01
4.196287920484718104e-01
-6.365406748792898917e-01
2.939017104531861935e-01
7.735346267759293237e-01
-9.718890132744706367e-01
3.302352775887044262e-02
8.225236740294544768e-01
6.862268197774349376e-01
3.015216248422233902e-01
1.364432649846187839e-01
-5.928198080723320329e-01
3.132801851380660474e-01
1.038496552847782084e+00
